00140303570
00820225509
01078826552
01125947519
01292020539
02031561537
02330817550
02373806509
02872019537
03407350589
03549114575
03653576504
03655575521
03666833578
03677637538
03699472582
03700383550
03740983523
03880536589
04656099538
04980561551
06358492594
06404618591
07450107503
08769348740
16002814515
16316974710
26220466500
31381951805
34955810578
35414723591
43191290591
48757012504
49180515886
50668404515
50705962504
52019802791
54600243587
62915959587
67091202520
68262086520
77722922520
79536972549
79577580530
79641288504
80291341500
80865798591
80931960568
82454060582
82687650544
82866422520
82994609568
86180708584
87867532587
89804155591
90111150582
91162270500
91802504591
91862280568
92516971591
93354819553
93869576553
94417083568
95028331553
95699414568
99847302553
